[gd_scene load_steps=6 format=3 uid="uid://b1j2r8nflfjnj"]

[ext_resource type="ArrayMesh" uid="uid://cx72f5wm78gxr" path="res://assets/cat/exported/model/cat.tres" id="1_u360q"]
[ext_resource type="ArrayMesh" uid="uid://delyiih6nils1" path="res://assets/cat/exported/model/eye_l.tres" id="2_nnr1u"]
[ext_resource type="ArrayMesh" uid="uid://dn1xtglcbnm3n" path="res://assets/cat/exported/model/eye_r.tres" id="3_x6xis"]
[ext_resource type="ArrayMesh" uid="uid://51ai6d4128iv" path="res://assets/cat/exported/model/tongue.tres" id="4_1bdah"]

[sub_resource type="Skin" id="Skin_ea6ad"]
resource_name = "Skin"
bind_count = 67
bind/0/name = &"spine"
bind/0/bone = -1
bind/0/pose = Transform3D(1, 1.2683746e-15, 3.373851e-16, -5.3006634e-17, -0.21782081, 0.97598886, 1.3114107e-15, -0.97599643, -0.21782081, -2.8539793e-16, 0.23172425, 0.20676087)
bind/1/name = &"spine.001"
bind/1/bone = -1
bind/1/pose = Transform3D(1, -2.217307e-16, 2.3410172e-16, -2.2171897e-16, 0.054299075, 0.9985249, -2.3410193e-16, -0.9985321, 0.054297004, 5.3099347e-17, 0.086694695, 0.2391252)
bind/2/name = &"spine.002"
bind/2/bone = -1
bind/2/pose = Transform3D(1, -2.2109183e-16, 2.425484e-16, -2.2109815e-16, 0.092345335, 0.99572724, -2.4253216e-16, -0.9957346, 0.092342995, 5.3106534e-17, -0.00321602, 0.23917666)
bind/3/name = &"spine.003"
bind/3/bone = -1
bind/3/pose = Transform3D(1, -2.089729e-16, 2.9710551e-16, -2.0897777e-16, 0.33805016, 0.9411297, -2.9709442e-16, -0.941136, 0.3380461, 4.7842618e-17, -0.12229456, 0.21546522)
bind/4/name = &"neck"
bind/4/bone = -1
bind/4/pose = Transform3D(1, -1.7224704e-16, 3.621685e-16, -1.7225478e-16, 0.63107055, 0.7757303, -3.621602e-16, -0.7757349, 0.63106465, 3.0137472e-17, -0.2635691, 0.13572769)
bind/5/name = &"head"
bind/5/bone = -1
bind/5/pose = Transform3D(1, -2.3586736e-17, 4.2805244e-16, -5.1319665e-17, 0.9847309, 0.17412587, -4.256196e-16, -0.17412542, 0.9847234, -2.4284163e-17, -0.32060242, -0.09774601)
bind/6/name = &"main_eye_control"
bind/6/bone = -1
bind/6/pose = Transform3D(1, 2.6816183e-09, 2.3840347e-07, -4.4158144e-16, 0.99994415, -0.011245705, -2.3841854e-07, 0.011247523, 0.99993676, -7.71386e-08, -0.32032526, -0.32354277)
bind/7/name = &"eye_look_at.L"
bind/7/bone = -1
bind/7/pose = Transform3D(0.99999994, -0.00017586673, 3.5433825e-08, -1.348931e-08, 0.00012653126, 1.0000001, -0.00017586544, -1.0000074, 0.000124569, -0.038875885, -0.26045844, 0.35116404)
bind/8/name = &"eye_look_at.R"
bind/8/bone = -1
bind/8/pose = Transform3D(0.99999994, 0.00017586673, -8.380933e-09, -1.35632865e-08, 0.00012653135, 1.0000001, 0.00017586545, -1.0000074, 0.000124569, 0.038875878, -0.26045847, 0.35116404)
bind/9/name = &"ear.L.001"
bind/9/bone = -1
bind/9/pose = Transform3D(0.80692035, -0.5906621, 0.0016982357, 0.58983564, 0.8056444, -0.05513913, 0.031200193, 0.04549661, 0.99847716, 0.18010202, -0.35489467, -0.18645234)
bind/10/name = &"ear.L.002"
bind/10/bone = -1
bind/10/pose = Transform3D(0.8369366, -0.54730374, -0.0003744161, 0.547143, 0.8367189, -0.023368303, 0.013102739, 0.019354792, 0.99972683, 0.15954737, -0.39664456, -0.17405951)
bind/11/name = &"eye.L"
bind/11/bone = -1
bind/11/pose = Transform3D(1, 1.8207373e-06, -5.682961e-07, 1.1340953e-13, 0.29795375, 0.9545815, 1.907354e-06, -0.9545879, 0.29794997, -0.038874995, -0.30248854, 0.26646706)
bind/12/name = &"chin"
bind/12/bone = -1
bind/12/pose = Transform3D(1, -1.5186633e-07, 1.8379403e-07, -3.12609e-16, 0.77089506, 0.63697046, -2.3841852e-07, -0.63697374, 0.7708882, 1.8884068e-09, -0.3746208, 0.007920552)
bind/13/name = &"tongue"
bind/13/bone = -1
bind/13/pose = Transform3D(1, -9.350547e-07, -1.8757775e-07, -1.5649457e-13, -0.1966889, 0.9804659, -9.536766e-07, -0.98047346, -0.19668904, 3.319409e-07, -0.16052404, 0.3480644)
bind/14/name = &"tongue.001"
bind/14/bone = -1
bind/14/pose = Transform3D(1, 9.193071e-07, 2.537762e-07, -1.1384261e-13, -0.26610106, 0.9639452, 9.536853e-07, -0.9639527, -0.26610065, -3.4269863e-07, -0.14532544, 0.3593416)
bind/15/name = &"brow.L"
bind/15/bone = -1
bind/15/pose = Transform3D(0.53453195, -0.8450388, -0.013991826, 0.7582159, 0.48680007, -0.43374792, 0.37334222, 0.22124657, 0.90092576, 0.3075104, -0.09602114, -0.28899887)
bind/16/name = &"lid.T.L.001"
bind/16/bone = -1
bind/16/pose = Transform3D(0.13560003, 0.11048402, 0.9845847, 0.98458457, -0.12584499, -0.12147909, 0.11048275, 0.985886, -0.12584278, -0.2615447, 0.044700786, -0.337628)
bind/17/name = &"lid.B.L.001"
bind/17/bone = -1
bind/17/pose = Transform3D(0.08628848, -0.99550045, -0.039341405, 0.994256, 0.08353787, 0.06690633, -0.06331833, -0.04488726, 0.9969834, 0.33934236, -0.06810703, -0.21473934)
bind/18/name = &"lip.L"
bind/18/bone = -1
bind/18/pose = Transform3D(-0.62944776, -0.7693013, 0.10945263, 0.73574615, -0.63536644, -0.2345068, 0.2499471, -0.06707924, 0.9659332, 0.2167814, 0.25803936, -0.21990822)
bind/19/name = &"ear.R.001"
bind/19/bone = -1
bind/19/pose = Transform3D(0.80692035, 0.5906621, -0.0016982357, -0.58983564, 0.8056444, -0.05513913, -0.031200193, 0.04549661, 0.99847716, -0.18010202, -0.35489467, -0.18645234)
bind/20/name = &"ear.R.002"
bind/20/bone = -1
bind/20/pose = Transform3D(0.8369366, 0.54730374, 0.0003744161, -0.547143, 0.8367189, -0.023368303, -0.013102739, 0.019354792, 0.99972683, -0.15954737, -0.39664456, -0.17405951)
bind/21/name = &"eye.R"
bind/21/bone = -1
bind/21/pose = Transform3D(1, -1.8207373e-06, 5.682961e-07, -1.708096e-13, 0.29795375, 0.9545815, -1.907354e-06, -0.9545879, 0.29794997, 0.038874995, -0.30248854, 0.26646706)
bind/22/name = &"brow.R"
bind/22/bone = -1
bind/22/pose = Transform3D(0.53453195, 0.8450388, 0.013991826, -0.7582159, 0.48680007, -0.43374792, -0.37334225, 0.22124659, 0.90092576, -0.3075104, -0.09602114, -0.28899887)
bind/23/name = &"lid.T.R.001"
bind/23/bone = -1
bind/23/pose = Transform3D(0.13560003, -0.11048402, -0.9845847, -0.98458457, -0.12584499, -0.12147909, -0.11048275, 0.985886, -0.12584278, 0.2615447, 0.044700786, -0.337628)
bind/24/name = &"lid.B.R.001"
bind/24/bone = -1
bind/24/pose = Transform3D(0.08628848, 0.99550045, 0.039341405, -0.994256, 0.08353787, 0.06690633, 0.06331833, -0.04488726, 0.9969834, -0.33934236, -0.06810703, -0.21473934)
bind/25/name = &"lip.R"
bind/25/bone = -1
bind/25/pose = Transform3D(-0.62944776, 0.7693013, -0.10945263, -0.73574615, -0.63536644, -0.2345068, -0.2499471, -0.067079246, 0.9659332, -0.2167814, 0.25803936, -0.2199082)
bind/26/name = &"cheak.L.001"
bind/26/bone = -1
bind/26/pose = Transform3D(-0.30548438, -0.9515441, 0.035444003, 0.8181127, -0.2813343, -0.5015422, 0.48720747, -0.12421543, 0.8644068, 0.32920712, 0.13296345, -0.1570918)
bind/27/name = &"cheak.L.002"
bind/27/bone = -1
bind/27/pose = Transform3D(-0.37595102, -0.9257569, 0.04058751, 0.7690997, -0.3361701, -0.54357827, 0.5168617, -0.17314267, 0.83837634, 0.32654908, 0.13225186, -0.13949934)
bind/28/name = &"cheak.R.001"
bind/28/bone = -1
bind/28/pose = Transform3D(-0.30548438, 0.95154405, -0.035444006, -0.8181126, -0.2813343, -0.50154215, -0.4872075, -0.124215424, 0.8644068, -0.32920712, 0.13296343, -0.1570918)
bind/29/name = &"cheak.R.002"
bind/29/bone = -1
bind/29/pose = Transform3D(-0.37595102, 0.9257569, -0.04058751, -0.7690997, -0.3361701, -0.54357827, -0.5168617, -0.17314267, 0.83837634, -0.32654908, 0.13225186, -0.13949934)
bind/30/name = &"shoulder.L"
bind/30/bone = -1
bind/30/pose = Transform3D(0.7987954, 0.057818934, -0.5988179, 0.49309564, -0.6331601, 0.59663194, -0.34464833, -0.7718679, -0.53427297, 0.0030702865, 0.10564665, 0.25887322)
bind/31/name = &"upper_arm_L"
bind/31/bone = -1
bind/31/pose = Transform3D(0.98784214, -0.15037778, -0.03942481, -0.15541974, -0.96099615, -0.22879073, -0.0034819937, 0.2321365, -0.97267693, -0.027242394, 0.19390029, 0.06144413)
bind/32/name = &"forearm.L"
bind/32/bone = -1
bind/32/pose = Transform3D(0.9987059, -0.0453197, 0.023071162, -0.050416537, -0.9417413, 0.33255598, 0.0066557126, -0.33329305, -0.9428014, -0.042421684, 0.05861506, 0.109167196)
bind/33/name = &"shoulder.R"
bind/33/bone = -1
bind/33/pose = Transform3D(0.7987954, -0.057818934, 0.5988179, -0.49309564, -0.6331601, 0.59663194, 0.34464833, -0.7718679, -0.53427297, -0.0030702865, 0.10564665, 0.25887322)
bind/34/name = &"upper_arm_R"
bind/34/bone = -1
bind/34/pose = Transform3D(0.98784214, 0.15037778, 0.03942481, 0.15541974, -0.96099615, -0.22879073, 0.0034819937, 0.2321365, -0.97267693, 0.027242394, 0.19390029, 0.06144413)
bind/35/name = &"forearm.R"
bind/35/bone = -1
bind/35/pose = Transform3D(0.9987059, 0.0453197, -0.023071162, 0.050416537, -0.9417413, 0.33255598, -0.0066557126, -0.33329305, -0.9428014, 0.042421684, 0.05861506, 0.109167196)
bind/36/name = &"thigh.L"
bind/36/bone = -1
bind/36/pose = Transform3D(0.99995697, 0.008093668, 0.0045317626, 0.005449768, -0.9079535, 0.41904873, 0.0075062145, -0.4190105, -0.90795237, -0.048443794, 0.26030096, -0.051493134)
bind/37/name = &"shin.L"
bind/37/bone = -1
bind/37/pose = Transform3D(0.9999902, 0.00025944272, 0.0044158106, 0.0038296483, -0.5503698, -0.83491594, 0.0022137, 0.8349301, -0.55036026, -0.047394697, -0.024775106, -0.17906101)
bind/38/name = &"foot.L"
bind/38/bone = -1
bind/38/pose = Transform3D(0.9948085, 0.07159025, 0.07232492, 0.03252952, -0.8971336, 0.4405726, 0.09642509, -0.43593723, -0.89479893, -0.03944631, 0.16055694, -0.14766169)
bind/39/name = &"tail.001"
bind/39/bone = -1
bind/39/pose = Transform3D(1, 2.1871745e-16, 2.600831e-16, 2.1872061e-16, 0.1714952, -0.9851851, -2.6009502e-16, 0.9851914, 0.17149532, -3.4641103e-17, -0.22260162, -0.21764052)
bind/40/name = &"tail.002"
bind/40/bone = -1
bind/40/pose = Transform3D(1, 2.2204449e-16, 2.2228876e-16, 2.2202596e-16, 0.0011917441, -0.99999946, -2.223242e-16, 1.0000057, 0.0011929213, -4.4047857e-17, -0.22629355, -0.25998145)
bind/41/name = &"tail.010"
bind/41/bone = -1
bind/41/pose = Transform3D(1, -2.3825426e-07, -8.891747e-09, -6.745749e-16, 0.03729372, -0.9993045, 2.3841858e-07, 0.9993108, 0.03729469, 5.968185e-08, -0.27202606, -0.25032383)
bind/42/name = &"tail.003"
bind/42/bone = -1
bind/42/pose = Transform3D(1, 1.5483497e-12, -5.154674e-14, -1.06935706e-16, -0.03342271, -0.99944144, -1.5399225e-12, 0.9994477, -0.0334213, -4.208746e-13, -0.29219943, -0.27165335)
bind/43/name = &"tail.004"
bind/43/bone = -1
bind/43/pose = Transform3D(1, 2.0975859e-16, 2.535022e-16, 2.4524899e-15, 0.1484199, -0.9889244, 1.2904843e-14, 0.9889308, 0.14842017, -2.9756932e-17, -0.3890941, -0.204468)
bind/44/name = &"tail.005"
bind/44/bone = -1
bind/44/pose = Transform3D(1, 1.8475238e-16, 3.4521283e-16, 7.795451e-15, 0.55470526, -0.8320487, 1.0608413e-14, 0.8320545, 0.5547027, 1.3575896e-17, -0.4807911, -0.00011039805)
bind/45/name = &"tail.006"
bind/45/bone = -1
bind/45/pose = Transform3D(1, 1.3778853e-16, 3.961657e-16, 1.0754383e-14, 0.7841781, -0.6205412, 7.678026e-15, 0.6205461, 0.784174, 4.8447217e-17, -0.48467925, 0.15693663)
bind/46/name = &"tail.007"
bind/46/bone = -1
bind/46/pose = Transform3D(1, 1.4281999e-18, 4.4408466e-16, 1.3338427e-14, 0.99998575, -0.0064308303, -6.1478514e-16, 0.006432082, 0.9999793, 1.10592585e-16, -0.30437365, 0.43681392)
bind/47/name = &"tail.008"
bind/47/bone = -1
bind/47/pose = Transform3D(1, -6.3399986e-17, 4.348456e-16, 1.26438395e-14, 0.9583769, 0.28552788, -4.4883264e-15, -0.28552857, 0.9583705, 1.2758471e-16, -0.18582724, 0.5133399)
bind/48/name = &"tail.009"
bind/48/bone = -1
bind/48/pose = Transform3D(1, -1.1248877e-16, 4.134868e-16, 1.1255285e-14, 0.8621855, 0.5066027, -7.390468e-15, -0.5066049, 0.8621795, 1.3564081e-16, -0.084850594, 0.5496216)
bind/49/name = &"IK-tail"
bind/49/bone = -1
bind/49/pose = Transform3D(1, -1.3441887e-16, 3.9878028e-16, 1.0324778e-14, 0.79595286, 0.605366, -8.675847e-15, -0.6053689, 0.79594713, 1.3783783e-16, -0.050024115, 0.5595158)
bind/50/name = &"prlvis.L"
bind/50/bone = -1
bind/50/pose = Transform3D(-0.5603759, -0.022832353, 0.8279238, 0.8102964, -0.2220554, 0.5423209, 0.17146116, 0.9747745, 0.14293605, 0.15571661, 0.15424488, -0.22001599)
bind/51/name = &"thigh.R"
bind/51/bone = -1
bind/51/pose = Transform3D(0.99995697, -0.008093668, -0.0045317626, -0.005449768, -0.9079535, 0.41904873, -0.0075062145, -0.4190105, -0.90795237, 0.048443794, 0.26030096, -0.051493134)
bind/52/name = &"shin.R"
bind/52/bone = -1
bind/52/pose = Transform3D(0.9999902, -0.00025944272, -0.0044158106, -0.0038296483, -0.5503698, -0.83491594, -0.0022137, 0.8349301, -0.55036026, 0.047394697, -0.024775106, -0.17906101)
bind/53/name = &"foot.R"
bind/53/bone = -1
bind/53/pose = Transform3D(0.9948085, -0.07159025, -0.07232492, -0.03252952, -0.8971336, 0.4405726, -0.09642509, -0.43593723, -0.89479893, 0.03944631, 0.16055694, -0.14766169)
bind/54/name = &"prlvis.R"
bind/54/bone = -1
bind/54/pose = Transform3D(-0.5603759, 0.022832353, -0.8279238, -0.8102964, -0.2220554, 0.5423209, -0.17146116, 0.9747745, 0.14293605, -0.15571661, 0.15424488, -0.22001599)
bind/55/name = &"IK-target.F.L"
bind/55/bone = -1
bind/55/pose = Transform3D(1, 2.2204463e-16, 2.2204463e-16, 2.2204463e-16, -4.371139e-08, -1, -2.2204463e-16, 1, -4.371139e-08, -0.04051094, 0.11135054, -0.013367739)
bind/56/name = &"paw_front.L"
bind/56/bone = -1
bind/56/pose = Transform3D(1, 1.6636144e-06, 1.3331103e-07, -1.3360103e-12, -0.079876505, 0.99680465, 1.6689302e-06, -0.9967946, -0.079876505, -0.04051098, -0.10992696, 0.02221912)
bind/57/name = &"elbow.L"
bind/57/bone = -1
bind/57/pose = Transform3D(1, 2.2204463e-16, 2.2204463e-16, 2.2204463e-16, -4.371139e-08, -1, -2.2204463e-16, 1, -4.371139e-08, -0.044595383, 0.018222695, -0.08966085)
bind/58/name = &"IK-target.B.L"
bind/58/bone = -1
bind/58/pose = Transform3D(1, 2.2204463e-16, 2.2204463e-16, 2.2204463e-16, -4.371139e-08, -1, -2.2204463e-16, 1, -4.371139e-08, -0.050547738, -0.168986, -0.019316766)
bind/59/name = &"paw_back.L"
bind/59/bone = -1
bind/59/pose = Transform3D(0.9978927, 0.010698427, -0.06400501, 0.06488476, -0.17992412, 0.98153824, -0.0010176819, -0.9836261, -0.18023878, -0.06146383, 0.166062, -0.0114059225)
bind/60/name = &"knee.B.L"
bind/60/bone = -1
bind/60/pose = Transform3D(0.9999998, -0.00060574873, 9.391465e-06, 2.2546008e-16, -0.015502032, -0.99987984, 0.00060582155, 0.99987966, -0.015502029, -0.048204504, -0.26417375, -0.0866277)
bind/61/name = &"IK-target.F.R"
bind/61/bone = -1
bind/61/pose = Transform3D(1, 2.2204463e-16, 2.2204463e-16, 2.2204463e-16, -4.371139e-08, -1, -2.2204463e-16, 1, -4.371139e-08, 0.04051094, 0.11135054, -0.013367739)
bind/62/name = &"paw_front.R"
bind/62/bone = -1
bind/62/pose = Transform3D(1, -1.6636144e-06, -1.3331103e-07, 1.3356031e-12, -0.079876505, 0.99680465, -1.6689302e-06, -0.9967946, -0.079876505, 0.04051098, -0.10992696, 0.02221912)
bind/63/name = &"elbow.R"
bind/63/bone = -1
bind/63/pose = Transform3D(1, 2.2204463e-16, 2.2204463e-16, 2.2204463e-16, -4.371139e-08, -1, -2.2204463e-16, 1, -4.371139e-08, 0.044595383, 0.018222695, -0.08966085)
bind/64/name = &"IK-target.B.R"
bind/64/bone = -1
bind/64/pose = Transform3D(1, 2.2204463e-16, 2.2204463e-16, 2.2204463e-16, -4.371139e-08, -1, -2.2204463e-16, 1, -4.371139e-08, 0.050547738, -0.168986, -0.019316766)
bind/65/name = &"paw_back.R"
bind/65/bone = -1
bind/65/pose = Transform3D(0.9978927, -0.010698427, 0.06400501, -0.06488476, -0.17992412, 0.98153824, 0.0010176819, -0.9836261, -0.18023878, 0.06146383, 0.166062, -0.0114059225)
bind/66/name = &"knee.B.R"
bind/66/bone = -1
bind/66/pose = Transform3D(0.9999998, 0.00060574873, -9.391465e-06, 2.2546008e-16, -0.015502032, -0.99987984, -0.00060582155, 0.99987966, -0.015502029, 0.048204504, -0.26417375, -0.0866277)

[node name="Skeleton3D" type="Skeleton3D"]
bones/0/name = "spine"
bones/0/parent = -1
bones/0/rest = Transform3D(1, 1.1534012e-16, 1.0463184e-15, -1.1534013e-16, -0.975989, 0.21781842, 1.0463262e-15, -0.21782003, -0.9759818, 4.2332483e-17, 0.18112382, 0.25226876)
bones/0/enabled = true
bones/0/position = Vector3(4.2332483e-17, 0.18112382, 0.25226876)
bones/0/rotation = Quaternion(0.9939791, -9.986294e-24, 5.2633214e-16, -0.10956973)
bones/0/scale = Vector3(1, 1, 0.9999926)
bones/1/name = "spine.001"
bones/1/parent = 0
bones/1/rest = Transform3D(1, 1.840387e-16, -1.4822883e-15, 2.2377004e-16, 0.962722, 0.2704928, 1.4768124e-15, -0.27049276, 0.9627221, 9.656235e-24, 0.0835797, -9.2642755e-10)
bones/1/enabled = true
bones/1/position = Vector3(-1.0587912e-24, 0.08357969, 9.536743e-09)
bones/1/rotation = Quaternion(-0.1365247, -7.467672e-16, 1.0026704e-17, 0.9906367)
bones/1/scale = Vector3(1, 0.99999994, 0.99999994)
bones/2/name = "spine.002"
bones/2/parent = 1
bones/2/rest = Transform3D(1, -8.469577e-18, -1.4380947e-19, 8.468898e-18, 0.99927247, 0.038141754, -1.7933968e-19, -0.03814176, 0.9992722, -1.1324337e-23, 0.08078576, -1.7854882e-08)
bones/2/enabled = true
bones/2/position = Vector3(-3.3418096e-24, 0.08078576, -1.2591482e-08)
bones/2/rotation = Quaternion(-0.019074362, 2.2172875e-16, 1.02590215e-17, 0.9998181)
bones/2/scale = Vector3(1, 0.9999998, 0.9999997)
bones/3/name = "spine.003"
bones/3/parent = 2
bones/3/rest = Transform3D(1, -5.5442032e-17, -7.037546e-18, 5.5443124e-17, 0.9683244, 0.24969506, -7.028972e-18, -0.249695, 0.96832466, -1.368843e-25, 0.061404217, 1.8914994e-08)
bones/3/enabled = true
bones/3/position = Vector3(0, 0.061404217, 9.834767e-09)
bones/3/rotation = Quaternion(-0.12584807, -2.1670716e-21, 2.794345e-17, 0.9920495)
bones/3/scale = Vector3(1, 0.99999994, 1)
bones/4/name = "neck"
bones/4/parent = 3
bones/4/rest = Transform3D(1, -7.3647496e-17, -1.2569853e-17, 7.364761e-17, 0.94339174, 0.33168098, -1.25691765e-17, -0.33168098, 0.94339174, 1.329093e-23, 0.08133603, -1.886103e-08)
bones/4/enabled = true
bones/4/position = Vector3(-3.1763735e-24, 0.08133602, -1.4305114e-08)
bones/4/rotation = Quaternion(-0.16823842, 8.132361e-18, -2.6733898e-17, 0.9857463)
bones/4/scale = Vector3(1, 0.9999999, 1)
bones/5/name = "head"
bones/5/parent = 4
bones/5/rest = Transform3D(1, -1.5786014e-16, -3.899209e-17, 1.4492165e-16, 0.7564987, 0.65399516, -7.3742305e-17, -0.6539951, 0.75649875, -2.0336825e-23, 0.042891633, 3.3078308e-08)
bones/5/enabled = true
bones/5/position = Vector3(0, 0.042891625, 9.536743e-09)
bones/5/rotation = Quaternion(-0.34892783, 9.270174e-18, 8.0771996e-17, 0.93714964)
bones/5/scale = Vector3(1, 0.99999994, 1)
bones/6/name = "main_eye_control"
bones/6/parent = 5
bones/6/rest = Transform3D(1, 0, -2.3841856e-07, 4.415244e-08, 0.9827029, 0.18518877, 2.3429463e-07, -0.18518876, 0.982703, 3.3219577e-17, 0.05409863, 0.16087982)
bones/6/enabled = true
bones/6/position = Vector3(3.321958e-17, 0.054098662, 0.16087988)
bones/6/rotation = Quaternion(-0.092997424, -1.1869271e-07, 1.1086155e-08, 0.9956663)
bones/6/scale = Vector3(1, 1, 1)
bones/7/name = "eye_look_at.L"
bones/7/parent = 6
bones/7/rest = Transform3D(1, 2.2489256e-07, -0.00017586807, -0.00017585472, -0.011121034, -0.99993813, -2.1807064e-06, 0.99993813, -0.011121034, 0.03893763, 0.027913636, -0.05919526)
bones/7/enabled = true
bones/7/position = Vector3(0.03893763, 0.027913678, -0.05919526)
bones/7/rotation = Quaternion(0.7110278, -6.1752115e-05, -6.260263e-05, 0.70316386)
bones/7/scale = Vector3(1, 0.9999999, 1)
bones/8/name = "eye_look_at.R"
bones/8/parent = 6
bones/8/rest = Transform3D(1, 2.2485618e-07, 0.00017586279, 0.00017585442, -0.011121034, -0.99993813, 1.7309285e-06, 0.99993813, -0.011121034, -0.038937658, 0.027913636, -0.05919522)
bones/8/enabled = true
bones/8/position = Vector3(-0.038937658, 0.027913675, -0.059195224)
bones/8/rotation = Quaternion(0.7110278, 6.1910134e-05, 6.244262e-05, 0.70316386)
bones/8/scale = Vector3(1, 0.9999999, 1)
bones/9/name = "ear.L.001"
bones/9/parent = 5
bones/9/rest = Transform3D(0.8069203, 0.58983576, 0.031200211, -0.58133894, 0.78373015, 0.2186603, 0.10452109, -0.19457933, 0.9753022, 0.06981893, 0.103009254, -0.0037782493)
bones/9/enabled = true
bones/9/position = Vector3(0.06981893, 0.103009224, -0.0037781906)
bones/9/rotation = Quaternion(-0.10941676, -0.019413764, -0.31010115, 0.9441866)
bones/9/scale = Vector3(0.9999998, 0.9999999, 0.9999999)
bones/10/name = "ear.L.002"
bones/10/parent = 9
bones/10/rest = Transform3D(0.9986074, -0.052749895, 0.0008396805, 0.052749895, 0.9981012, -0.031804137, 0.00083957874, 0.031804137, 0.9994938, 2.4339482e-08, 0.02704477, 2.0132859e-08)
bones/10/enabled = true
bones/10/position = Vector3(-1.879409e-08, 0.027044775, -7.152557e-09)
bones/10/rotation = Quaternion(0.01590962, 2.3556185e-08, 0.02638749, 0.9995252)
bones/10/scale = Vector3(0.99999994, 1, 1)
bones/11/name = "eye.L"
bones/11/parent = 5
bones/11/rest = Transform3D(1, -1.1368685e-13, 1.9073543e-06, 1.6939555e-06, 0.4596157, -0.8881181, -8.766498e-07, 0.8881181, 0.4596157, 0.038874485, 0.055080354, 0.048427027)
bones/11/enabled = true
bones/11/position = Vector3(0.038874485, 0.055080425, 0.048427068)
bones/11/rotation = Quaternion(0.59129566, 0.0003207214, -0.00052527036, 0.8064546)
bones/11/scale = Vector3(1, 0.9999993, 1.0000008)
bones/12/name = "chin"
bones/12/parent = 5
bones/12/rest = Transform3D(1, -7.105427e-15, -2.3841851e-07, -1.1754226e-07, 0.8700246, -0.4930081, 2.0743e-07, 0.49300808, 0.8700247, -4.855885e-17, 0.009231771, 0.080053955)
bones/12/enabled = true
bones/12/position = Vector3(-4.8558857e-17, 0.009231801, 0.080054)
bones/12/rotation = Quaternion(0.25492677, -1.1527064e-07, -3.0389625e-08, 0.9669604)
bones/12/scale = Vector3(1, 0.9999999, 0.99999994)
bones/13/name = "tongue"
bones/13/parent = 5
bones/13/rest = Transform3D(1, -2.8421713e-14, -9.536767e-07, -9.5342534e-07, -0.02295995, -0.9997364, -2.1896284e-08, 0.99973655, -0.022959948, -4.9808406e-17, 0.023684641, 0.07072727)
bones/13/enabled = true
bones/13/position = Vector3(-4.980841e-17, 0.023684692, 0.070727296)
bones/13/rotation = Quaternion(0.7151777, -3.332828e-07, -3.410243e-07, 0.69894266)
bones/13/scale = Vector3(1, 1.0000005, 1.0000005)
bones/14/name = "tongue.001"
bones/14/parent = 13
bones/14/rest = Transform3D(1, 6.800208e-08, 1.9049342e-06, 6.800265e-08, 0.9974545, -0.07130516, -1.9049342e-06, 0.07130516, 0.9974545, -2.0741724e-14, 0.01005439, -3.6055887e-08)
bones/14/enabled = true
bones/14/position = Vector3(-1.959965e-14, 0.010054383, 0)
bones/14/rotation = Quaternion(0.035675265, 9.530737e-07, 1.4575404e-13, 0.9993634)
bones/14/scale = Vector3(1, 1.0000001, 1.0000001)
bones/15/name = "brow.L"
bones/15/parent = 5
bones/15/rest = Transform3D(0.53453183, 0.75821584, 0.37334213, -0.83455956, 0.40383393, 0.37473783, 0.13336393, -0.51188564, 0.84863836, 0.016326101, 0.083108686, 0.057346836)
bones/15/enabled = true
bones/15/position = Vector3(0.016326101, 0.08310866, 0.057346866)
bones/15/rotation = Quaternion(-0.2655465, 0.07187422, -0.47704107, 0.83471614)
bones/15/scale = Vector3(0.9999999, 1, 0.99999994)
bones/16/name = "lid.T.L.001"
bones/16/parent = 5
bones/16/rest = Transform3D(0.13560006, 0.98458403, 0.110482745, 0.2802353, -0.1450741, 0.94890547, 0.9503054, -0.09771053, -0.2955874, 0.02875586, 0.0795536, 0.055370517)
bones/16/enabled = true
bones/16/position = Vector3(0.02875586, 0.07955368, 0.05537054)
bones/16/rotation = Quaternion(0.6277462, 0.5037146, 0.4224591, -0.41681486)
bones/16/scale = Vector3(0.9999998, 0.99999994, 0.99999714)
bones/17/name = "lid.B.L.001"
bones/17/parent = 5
bones/17/rest = Transform3D(0.08628851, 0.9942561, -0.06331833, -0.9871357, 0.09391117, 0.12939765, 0.1346007, 0.051338255, 0.98956907, 0.024837554, 0.048557375, 0.072574176)
bones/17/enabled = true
bones/17/position = Vector3(0.024837554, 0.048557445, 0.072574206)
bones/17/rotation = Quaternion(-0.026496505, -0.06718168, -0.672564, 0.73650676)
bones/17/scale = Vector3(0.9999999, 0.99999994, 0.99999994)
bones/18/name = "lip.L"
bones/18/parent = 5
bones/18/rest = Transform3D(-0.6294473, 0.7357461, 0.24994703, -0.73848486, -0.666489, 0.10213826, 0.24173474, -0.12029147, 0.9628573, 0.0015664443, 0.033928856, 0.092630535)
bones/18/enabled = true
bones/18/position = Vector3(0.0015664443, 0.033928894, 0.092630535)
bones/18/rotation = Quaternion(0.1361839, -0.0050280057, 0.9026065, -0.40832606)
bones/18/scale = Vector3(0.9999999, 1.0000001, 0.9999999)
bones/19/name = "ear.R.001"
bones/19/parent = 5
bones/19/rest = Transform3D(0.8069203, -0.58983576, -0.031200211, 0.58133894, 0.78373015, 0.2186603, -0.10452109, -0.19457933, 0.9753022, -0.06981893, 0.103009254, -0.0037782493)
bones/19/enabled = true
bones/19/position = Vector3(-0.06981893, 0.103009224, -0.0037781906)
bones/19/rotation = Quaternion(-0.10941677, 0.019413773, 0.31010112, 0.9441866)
bones/19/scale = Vector3(0.9999999, 0.99999976, 0.99999994)
bones/20/name = "ear.R.002"
bones/20/parent = 19
bones/20/rest = Transform3D(0.9986074, 0.052749895, -0.0008396805, -0.052749895, 0.9981012, -0.031804137, -0.00083957874, 0.031804137, 0.9994938, -2.4339482e-08, 0.02704477, 2.0132859e-08)
bones/20/enabled = true
bones/20/position = Vector3(-5.3830447e-09, 0.027044782, -1.7881394e-08)
bones/20/rotation = Quaternion(0.01590962, -2.3148537e-08, -0.026387507, 0.9995252)
bones/20/scale = Vector3(1, 1.0000001, 1.0000001)
bones/21/name = "eye.R"
bones/21/parent = 5
bones/21/rest = Transform3D(1, 1.1368685e-13, -1.9073543e-06, -1.6939555e-06, 0.4596157, -0.8881181, 8.766498e-07, 0.8881181, 0.4596157, -0.038874485, 0.055080354, 0.048427027)
bones/21/enabled = true
bones/21/position = Vector3(-0.038874485, 0.055080425, 0.048427068)
bones/21/rotation = Quaternion(0.59129566, -0.00032072118, 0.0005252701, 0.8064546)
bones/21/scale = Vector3(1, 0.9999993, 1.0000008)
bones/22/name = "brow.R"
bones/22/parent = 5
bones/22/rest = Transform3D(0.53453183, -0.75821584, -0.3733422, 0.83455956, 0.40383387, 0.3747379, -0.13336396, -0.5118857, 0.84863836, -0.016326101, 0.083108686, 0.057346836)
bones/22/enabled = true
bones/22/position = Vector3(-0.016326101, 0.08310866, 0.057346866)
bones/22/rotation = Quaternion(-0.2655465, -0.071874216, 0.47704107, 0.83471614)
bones/22/scale = Vector3(0.9999999, 1, 1)
bones/23/name = "lid.T.R.001"
bones/23/parent = 5
bones/23/rest = Transform3D(0.13560006, -0.98458403, -0.110482745, -0.2802353, -0.1450741, 0.94890547, -0.9503054, -0.09771053, -0.2955874, -0.02875586, 0.0795536, 0.055370517)
bones/23/enabled = true
bones/23/position = Vector3(-0.02875586, 0.07955368, 0.05537054)
bones/23/rotation = Quaternion(0.6277462, -0.5037146, -0.4224591, -0.41681486)
bones/23/scale = Vector3(0.9999998, 0.9999998, 0.99999714)
bones/24/name = "lid.B.R.001"
bones/24/parent = 5
bones/24/rest = Transform3D(0.08628851, -0.9942561, 0.06331833, 0.9871357, 0.09391117, 0.12939765, -0.1346007, 0.051338255, 0.98956907, -0.024837554, 0.048557375, 0.072574176)
bones/24/enabled = true
bones/24/position = Vector3(-0.024837554, 0.048557445, 0.072574206)
bones/24/rotation = Quaternion(-0.026496505, 0.06718168, 0.672564, 0.73650676)
bones/24/scale = Vector3(0.9999999, 0.99999994, 0.99999994)
bones/25/name = "lip.R"
bones/25/parent = 5
bones/25/rest = Transform3D(-0.6294473, -0.7357461, -0.249947, 0.73848486, -0.666489, 0.10213824, -0.24173471, -0.12029146, 0.9628573, -0.0015664443, 0.033928856, 0.092630535)
bones/25/enabled = true
bones/25/position = Vector3(-0.0015664443, 0.033928894, 0.092630535)
bones/25/rotation = Quaternion(-0.1361839, -0.0050280057, 0.9026065, 0.40832606)
bones/25/scale = Vector3(0.9999999, 1.0000001, 0.9999999)
bones/26/name = "cheak.L.001"
bones/26/parent = 5
bones/26/rest = Transform3D(-0.3054843, 0.8181126, 0.48720753, -0.9308293, -0.36436498, 0.028197158, 0.20058978, -0.44489318, 0.87283105, 0.06832485, 0.038709965, 0.032487504)
bones/26/enabled = true
bones/26/position = Vector3(0.06832485, 0.038709972, 0.032487586)
bones/26/rotation = Quaternion(-0.21566743, 0.1306603, -0.79728913, 0.54840267)
bones/26/scale = Vector3(0.9999996, 0.99999976, 0.9999999)
bones/27/name = "cheak.L.002"
bones/27/parent = 26
bones/27/rest = Transform3D(0.9971715, 0.06566057, 0.036574192, -0.06748408, 0.99641204, 0.051080573, -0.03308898, -0.053404268, 0.9980247, 4.3763787e-08, 0.030348688, 1.0822856e-08)
bones/27/enabled = true
bones/27/position = Vector3(1.4901161e-08, 0.030348677, 9.536743e-09)
bones/27/rotation = Quaternion(-0.02614866, 0.017434077, -0.033321124, 0.9989505)
bones/27/scale = Vector3(1, 1, 0.99999994)
bones/28/name = "cheak.R.001"
bones/28/parent = 5
bones/28/rest = Transform3D(-0.3054843, -0.8181126, -0.48720753, 0.9308293, -0.36436498, 0.028197158, -0.20058978, -0.44489318, 0.87283105, -0.06832485, 0.038709965, 0.032487504)
bones/28/enabled = true
bones/28/position = Vector3(-0.06832485, 0.038709972, 0.032487586)
bones/28/rotation = Quaternion(-0.21566738, -0.13066028, 0.79728913, 0.5484028)
bones/28/scale = Vector3(1.0000001, 0.9999998, 0.9999998)
bones/29/name = "cheak.R.002"
bones/29/parent = 28
bones/29/rest = Transform3D(0.99717146, -0.06566059, -0.0365742, 0.06748409, 0.99641204, 0.051080573, 0.033088982, -0.053404268, 0.9980247, -4.3763784e-08, 0.030348688, 1.0822856e-08)
bones/29/enabled = true
bones/29/position = Vector3(3.9339067e-08, 0.030348701, 0)
bones/29/rotation = Quaternion(-0.026148675, -0.01743408, 0.03332113, 0.9989505)
bones/29/scale = Vector3(1, 1, 1.0000001)
bones/30/name = "shoulder.L"
bones/30/parent = 2
bones/30/rest = Transform3D(0.79879546, 0.49309573, -0.3446484, -0.59092003, 0.53561515, -0.60326624, -0.112869054, 0.68554586, 0.7192271, 0.034673806, 0.0981818, -0.0190911)
bones/30/enabled = true
bones/30/position = Vector3(0.034673806, 0.0981818, -0.01909112)
bones/30/rotation = Quaternion(0.36876595, -0.066318706, -0.31016794, 0.873733)
bones/30/scale = Vector3(1, 0.9999999, 1)
bones/31/name = "upper_arm_L"
bones/31/parent = 30
bones/31/rest = Transform3D(0.80399764, -0.042708606, 0.59309703, 0.55879074, 0.39531553, -0.72902584, -0.2033248, 0.91755193, 0.3416979, -0.0031879996, 0.089012004, 0.054425273)
bones/31/enabled = true
bones/31/position = Vector3(-0.0031880045, 0.089012034, 0.054425295)
bones/31/rotation = Quaternion(0.5183171, 0.24198744, 0.18644644, 0.798766)
bones/31/scale = Vector3(0.9999982, 1.0000051, 0.9999968)
bones/32/name = "forearm.L"
bones/32/parent = 31
bones/32/rest = Transform3D(0.99246955, 0.07870036, 0.09386338, -0.11694575, 0.8367467, 0.5349566, -0.036438603, -0.5419051, 0.8396493, 6.390138e-09, 0.08149359, -1.0565965e-08)
bones/32/enabled = true
bones/32/position = Vector3(2.9802322e-10, 0.081493616, 6.92904e-09)
bones/32/rotation = Quaternion(-0.2811008, 0.03401391, -0.051070675, 0.95771456)
bones/32/scale = Vector3(0.9999994, 1.0000019, 0.9999982)
bones/33/name = "shoulder.R"
bones/33/parent = 2
bones/33/rest = Transform3D(0.79879546, -0.49309573, 0.3446484, 0.59092003, 0.53561515, -0.60326624, 0.112869054, 0.68554586, 0.7192271, -0.034673806, 0.0981818, -0.0190911)
bones/33/enabled = true
bones/33/position = Vector3(-0.034673806, 0.0981818, -0.01909112)
bones/33/rotation = Quaternion(0.36876595, 0.066318706, 0.31016794, 0.873733)
bones/33/scale = Vector3(1, 0.9999999, 1)
bones/34/name = "upper_arm_R"
bones/34/parent = 33
bones/34/rest = Transform3D(0.80399764, 0.042708606, -0.59309703, -0.55879074, 0.39531553, -0.72902584, 0.2033248, 0.91755193, 0.3416979, 0.0031879996, 0.089012004, 0.054425273)
bones/34/enabled = true
bones/34/position = Vector3(0.0031880045, 0.089012034, 0.054425295)
bones/34/rotation = Quaternion(0.5183173, -0.24198759, -0.18644653, 0.7987659)
bones/34/scale = Vector3(0.9999983, 1.0000051, 0.9999968)
bones/35/name = "forearm.R"
bones/35/parent = 34
bones/35/rest = Transform3D(0.99246955, -0.07870036, -0.09386338, 0.11694575, 0.8367467, 0.5349566, 0.036438603, -0.5419051, 0.8396493, -6.390138e-09, 0.08149359, -1.0565965e-08)
bones/35/enabled = true
bones/35/position = Vector3(-3.2782554e-09, 0.081493594, -7.4505807e-10)
bones/35/rotation = Quaternion(-0.2811008, -0.034013905, 0.05107067, 0.95771456)
bones/35/scale = Vector3(0.9999993, 1.0000019, 0.9999983)
bones/36/name = "thigh.L"
bones/36/parent = 0
bones/36/rest = Transform3D(0.99995697, 0.005449769, 0.007506217, 0.0026599956, 0.6067565, -0.7948834, -0.008886376, 0.79486895, 0.60671604, 0.047409657, 0.03298272, 0.030666906)
bones/36/enabled = true
bones/36/position = Vector3(0.047409657, 0.032982722, 0.030666916)
bones/36/rotation = Quaternion(0.4433434, 0.0006693813, -0.006352861, 0.8963291)
bones/36/scale = Vector3(1, 1.0000012, 0.9999985)
bones/37/name = "shin.L"
bones/37/parent = 36
bones/37/rest = Transform3D(0.9999693, -0.0044085854, 0.006477048, 0.0070646033, 0.14985244, -0.98868304, 0.0033880933, 0.9886985, 0.14987896, 2.5443844e-10, 0.08731385, -4.7009348e-09)
bones/37/enabled = true
bones/37/position = Vector3(7.4505807e-10, 0.08731388, -4.3213366e-09)
bones/37/rotation = Quaternion(0.65196615, 0.0010184901, 0.0037828234, 0.75823796)
bones/37/scale = Vector3(1.0000001, 1.0000018, 0.999998)
bones/38/name = "foot.L"
bones/38/parent = 37
bones/38/rest = Transform3D(0.99513674, 0.03424195, 0.09235979, -0.095975816, 0.12603064, 0.9873729, 0.0221694, -0.9914353, 0.12870415, -8.4701884e-11, 0.09700105, -1.0687018e-08)
bones/38/enabled = true
bones/38/position = Vector3(-5.476177e-09, 0.09700105, -3.0510126e-08)
bones/38/rotation = Quaternion(-0.65962166, 0.023397706, -0.043407097, 0.7499785)
bones/38/scale = Vector3(1.0000001, 1.000002, 0.99999815)
bones/39/name = "tail.001"
bones/39/parent = 0
bones/39/rest = Transform3D(1, 1.03853327e-16, 1.047354e-15, 1.5318938e-16, -0.9988847, -0.04721611, 1.041281e-15, 0.047216047, -0.998886, 3.083483e-19, -0.0009052205, -0.00012680166)
bones/39/enabled = true
bones/39/position = Vector3(3.0834964e-19, -0.0009052277, -0.00012680054)
bones/39/rotation = Quaternion(0.9997211, 4.5299762e-17, 5.2437904e-16, 0.023614552)
bones/39/scale = Vector3(1, 0.9999997, 1.0000011)
bones/40/name = "tail.002"
bones/40/parent = 39
bones/40/rest = Transform3D(1, -3.7798263e-17, -3.2819634e-18, 3.7804966e-17, 0.9853888, 0.17031993, -3.203787e-18, -0.17031993, 0.9853888, -6.1052955e-24, 0.044665534, 1.11241105e-08)
bones/40/enabled = true
bones/40/position = Vector3(1.6993217e-18, 0.0446655, -2.6226044e-08)
bones/40/rotation = Quaternion(-0.08547278, 0, 0, 0.9963405)
bones/40/scale = Vector3(1, 0.9999999, 0.99999994)
bones/41/name = "tail.010"
bones/41/parent = 40
bones/41/rest = Transform3D(1, 4.4408926e-16, 2.3841858e-07, 8.60752e-09, 0.9993482, -0.03610256, -2.3826315e-07, 0.036102563, 0.9993481, -1.2750062e-25, 0.036517862, -4.0292358e-10)
bones/41/enabled = true
bones/41/position = Vector3(-1.6993217e-18, 0.036517855, -2.9429794e-08)
bones/41/rotation = Quaternion(0.018054228, 0, 0, 0.99983704)
bones/41/scale = Vector3(1, 0.99999976, 0.9999996)
bones/42/name = "tail.003"
bones/42/parent = 41
bones/42/rest = Transform3D(1, 1.6849494e-08, -2.3782397e-07, 1.0835777e-13, 0.99749976, 0.070671886, 2.384201e-07, -0.07067189, 0.99749964, 4.0623383e-17, 0.038641024, 1.467143e-11)
bones/42/enabled = true
bones/42/position = Vector3(-4.2351646e-24, 0.03864104, -2.3841858e-08)
bones/42/rotation = Quaternion(-0.035358053, 0, 0, 0.99937475)
bones/42/scale = Vector3(1, 0.99999994, 1.0000001)
bones/43/name = "tail.004"
bones/43/parent = 42
bones/43/rest = Transform3D(1, 2.8125955e-13, 1.5253196e-12, 8.134227e-17, 0.98341155, -0.18138838, -1.551034e-12, 0.18138838, 0.98341155, -4.412592e-17, 0.053352162, 1.8945915e-08)
bones/43/enabled = true
bones/43/position = Vector3(-4.2351646e-24, 0.053352166, 1.3113022e-08)
bones/43/rotation = Quaternion(0.09107266, 0, 0, 0.99584424)
bones/43/scale = Vector3(1, 0.9999998, 0.99999976)
bones/44/name = "tail.005"
bones/44/parent = 43
bones/44/rest = Transform3D(1, 9.016001e-17, -3.0084575e-17, -9.439738e-17, 0.9051621, -0.42506626, -1.1092557e-17, 0.4250662, 0.9051622, 2.0957162e-20, 0.04605281, -7.3094335e-09)
bones/44/enabled = true
bones/44/position = Vector3(0, 0.046052866, 1.4305114e-08)
bones/44/rotation = Quaternion(0.21775854, 0, 0, 0.9760027)
bones/44/scale = Vector3(1, 0.99999976, 0.9999998)
bones/45/name = "tail.006"
bones/45/parent = 44
bones/45/rest = Transform3D(1, 6.844593e-17, -1.0812697e-17, -6.844594e-17, 0.9513039, -0.30825487, -1.08126295e-17, 0.30825493, 0.95130366, -9.225086e-24, 0.028662672, -2.0764276e-08)
bones/45/enabled = true
bones/45/position = Vector3(0, 0.028662624, -3.9106236e-08)
bones/45/rotation = Quaternion(0.15603872, 0, 0, 0.98775095)
bones/45/scale = Vector3(1, 1.0000001, 0.99999994)
bones/46/name = "tail.007"
bones/46/parent = 45
bones/46/rest = Transform3D(1, 1.36665e-16, -4.7041262e-17, -1.3666548e-16, 0.7881481, -0.61548555, -4.7039832e-17, 0.6154854, 0.78814834, 1.0285357e-23, 0.024064882, -1.23337465e-08)
bones/46/enabled = true
bones/46/position = Vector3(0, 0.024064884, 1.9073486e-08)
bones/46/rotation = Quaternion(0.3254614, 0, 0, 0.9455553)
bones/46/scale = Vector3(1, 1.0000006, 1.0000004)
bones/47/name = "tail.008"
bones/47/parent = 46
bones/47/rest = Transform3D(1, 6.4766336e-17, -9.655601e-18, -6.4766316e-17, 0.95651454, -0.29168504, -9.6556495e-18, 0.2916851, 0.95651436, -5.275998e-24, 0.023106363, -5.5575716e-10)
bones/47/enabled = true
bones/47/position = Vector3(0, 0.023106394, -3.948808e-08)
bones/47/rotation = Quaternion(0.14745462, 0, 0, 0.9890688)
bones/47/scale = Vector3(1, 1.0000001, 0.9999999)
bones/48/name = "tail.009"
bones/48/parent = 47
bones/48/rest = Transform3D(1, 5.3143482e-17, -6.4531966e-18, -5.314343e-17, 0.97093683, -0.23933688, -6.4535457e-18, 0.23933691, 0.9709367, -1.4075954e-23, 0.028102037, -1.1197041e-08)
bones/48/enabled = true
bones/48/position = Vector3(0, 0.028101997, 2.8610229e-08)
bones/48/rotation = Quaternion(0.12054814, 0, 0, 0.9927075)
bones/48/scale = Vector3(1, 1, 1)
bones/49/name = "IK-tail"
bones/49/parent = 48
bones/49/rest = Transform3D(1, 2.6357907e-17, -1.5699729e-18, -2.635791e-17, 0.9929294, -0.118705206, -1.5699486e-18, 0.1187052, 0.99292946, -3.3154404e-24, 0.031237252, 2.2801876e-09)
bones/49/enabled = true
bones/49/position = Vector3(0, 0.03123725, 3.8146972e-08)
bones/49/rotation = Quaternion(0.05945783, -7.934291e-23, -1.32023394e-17, 0.9982308)
bones/49/scale = Vector3(1, 1, 1)
bones/50/name = "prlvis.L"
bones/50/parent = 0
bones/50/rest = Transform3D(-0.560376, 0.81029606, 0.17146112, 0.8130177, 0.577667, -0.07282052, -0.15805365, 0.09859406, -0.98249596, -1.148683e-23, 4.154603e-09, 1.8615655e-08)
bones/50/enabled = true
bones/50/position = Vector3(-6.352747e-24, 4.7683715e-09, 1.4305114e-08)
bones/50/rotation = Quaternion(0.45947057, 0.8832524, 0.0072950604, 0.09326744)
bones/50/scale = Vector3(1, 0.9999998, 0.99999994)
bones/51/name = "thigh.R"
bones/51/parent = 0
bones/51/rest = Transform3D(0.99995697, -0.005449769, -0.007506217, -0.0026599956, 0.6067565, -0.7948834, 0.008886376, 0.79486895, 0.60671604, -0.047409657, 0.03298272, 0.030666906)
bones/51/enabled = true
bones/51/position = Vector3(-0.047409657, 0.032982722, 0.030666916)
bones/51/rotation = Quaternion(0.4433434, -0.0006694309, 0.00635279, 0.8963291)
bones/51/scale = Vector3(1, 1.0000012, 0.9999985)
bones/52/name = "shin.R"
bones/52/parent = 51
bones/52/rest = Transform3D(0.9999693, 0.0044085854, -0.006477048, -0.0070646033, 0.14985244, -0.98868304, -0.0033880933, 0.9886985, 0.14987896, -2.5443844e-10, 0.08731385, -4.7009348e-09)
bones/52/enabled = true
bones/52/position = Vector3(-2.30968e-09, 0.0873139, -1.7508864e-09)
bones/52/rotation = Quaternion(0.65196615, -0.0010184894, -0.0037828234, 0.75823796)
bones/52/scale = Vector3(1.0000001, 1.0000018, 0.999998)
bones/53/name = "foot.R"
bones/53/parent = 52
bones/53/rest = Transform3D(0.99513674, -0.03424195, -0.09235979, 0.095975816, 0.12603064, 0.9873729, -0.0221694, -0.9914353, 0.12870415, 8.4701884e-11, 0.09700105, -1.0687018e-08)
bones/53/enabled = true
bones/53/position = Vector3(2.6170164e-09, 0.09700107, -2.5574117e-08)
bones/53/rotation = Quaternion(-0.65962166, -0.023397706, 0.043407097, 0.7499785)
bones/53/scale = Vector3(1.0000002, 1.000002, 0.99999815)
bones/54/name = "prlvis.R"
bones/54/parent = 0
bones/54/rest = Transform3D(-0.560376, -0.81029606, -0.17146112, -0.8130177, 0.577667, -0.07282052, 0.15805365, 0.09859406, -0.98249596, -8.466498e-17, 4.154603e-09, 1.8615655e-08)
bones/54/enabled = true
